The heuristic:  ESB
The number of users:  5
The number of items:  6
The percentages of dataset queried:  [46.45333333]
The runtimes per query (seconds):  [16.48795539]
The numbers of queries asked:  [40.16]
The variance of the number of queries asked:  [45.3344]
The expected losses:  [5.12248e+00 4.01880e+00 3.37680e+00 2.95336e+00 2.62612e+00 2.41952e+00
 2.18508e+00 1.98692e+00 1.89296e+00 1.59760e+00 1.30648e+00 1.29856e+00
 1.09656e+00 9.77000e-01 8.51280e-01 7.95160e-01 8.09200e-01 7.13680e-01
 7.18480e-01 6.15280e-01 6.39040e-01 5.56440e-01 4.61760e-01 4.24400e-01
 4.77800e-01 4.35000e-01 3.58280e-01 3.48840e-01 2.88440e-01 2.56440e-01
 2.21680e-01 2.18440e-01 1.93600e-01 1.98720e-01 1.38600e-01 1.27000e-01
 1.09600e-01 8.58000e-02 7.14400e-02 5.50000e-02 5.18400e-02 4.76400e-02
 3.23200e-02 1.83600e-02 1.86000e-02 1.75200e-02 5.12000e-03 3.04000e-03
 1.08000e-03 2.80000e-04 0.00000e+00 0.00000e+00 0.00000e+00 0.00000e+00
 0.00000e+00 0.00000e+00 0.00000e+00 0.00000e+00 0.00000e+00 0.00000e+00
 0.00000e+00 0.00000e+00 0.00000e+00 0.00000e+00 0.00000e+00 0.00000e+00
 0.00000e+00 0.00000e+00 0.00000e+00 0.00000e+00 0.00000e+00 0.00000e+00
 0.00000e+00 0.00000e+00 0.00000e+00]


The heuristic:  ESB
The number of users:  7
The number of items:  6
The percentages of dataset queried:  [51.2]
The runtimes per query (seconds):  [30.21143464]
The numbers of queries asked:  [51.24]
The variance of the number of queries asked:  [58.2624]
The expected losses:  [6.03012e+00 4.92600e+00 4.14684e+00 3.89288e+00 3.54648e+00 3.37804e+00
 2.98980e+00 2.90228e+00 2.57488e+00 2.57872e+00 2.54264e+00 2.33368e+00
 2.10320e+00 2.06396e+00 1.89276e+00 1.75304e+00 1.57316e+00 1.37768e+00
 1.35696e+00 1.24048e+00 1.18692e+00 1.11492e+00 1.04476e+00 9.13160e-01
 8.97040e-01 8.23160e-01 7.70200e-01 7.30400e-01 6.96440e-01 6.57280e-01
 5.79040e-01 5.15040e-01 4.99520e-01 4.84000e-01 4.35240e-01 3.89760e-01
 3.58080e-01 2.85080e-01 2.12280e-01 1.68520e-01 1.56880e-01 1.29840e-01
 1.19480e-01 1.22640e-01 1.12360e-01 9.98800e-02 9.39600e-02 1.03800e-01
 8.72800e-02 8.18800e-02 6.80000e-02 6.69600e-02 6.16800e-02 3.17600e-02
 2.61200e-02 7.32000e-03 7.16000e-03 5.24000e-03 4.44000e-03 5.80000e-03
 4.44000e-03 1.44000e-03 3.60000e-04 3.20000e-04 3.20000e-04 1.20000e-04
 1.20000e-04 4.00000e-05 4.00000e-05 0.00000e+00 0.00000e+00 0.00000e+00
 0.00000e+00 0.00000e+00 0.00000e+00 0.00000e+00 0.00000e+00 0.00000e+00
 0.00000e+00 0.00000e+00 0.00000e+00 0.00000e+00 0.00000e+00 0.00000e+00
 0.00000e+00 0.00000e+00 0.00000e+00 0.00000e+00 0.00000e+00 0.00000e+00
 0.00000e+00 0.00000e+00 0.00000e+00 0.00000e+00 0.00000e+00 0.00000e+00
 0.00000e+00 0.00000e+00 0.00000e+00 0.00000e+00 0.00000e+00 0.00000e+00
 0.00000e+00 0.00000e+00 0.00000e+00]


The heuristic:  ESB
The number of users:  10
The number of items:  6
The percentages of dataset queried:  [52.61333333]
The runtimes per query (seconds):  [59.3504147]
The numbers of queries asked:  [71.08]
The variance of the number of queries asked:  [69.5136]
The expected losses:  [7.03348e+00 6.06816e+00 5.70732e+00 5.42040e+00 4.96884e+00 4.68124e+00
 4.39508e+00 4.27216e+00 4.04268e+00 3.97884e+00 3.79044e+00 3.69800e+00
 3.49132e+00 3.39964e+00 3.05820e+00 2.93420e+00 2.85852e+00 2.86428e+00
 2.78656e+00 2.71324e+00 2.51992e+00 2.39376e+00 2.37676e+00 2.26256e+00
 2.09672e+00 1.88348e+00 1.80928e+00 1.67328e+00 1.54088e+00 1.49244e+00
 1.48976e+00 1.33692e+00 1.26560e+00 1.23636e+00 1.11688e+00 1.00060e+00
 9.38040e-01 8.76560e-01 7.97240e-01 7.94960e-01 7.60360e-01 6.87520e-01
 6.39320e-01 5.26400e-01 5.24880e-01 5.11680e-01 5.26480e-01 4.99840e-01
 4.60640e-01 4.58400e-01 4.15600e-01 3.70000e-01 3.27160e-01 3.25680e-01
 2.66440e-01 2.95440e-01 2.70960e-01 2.59440e-01 2.27520e-01 2.27520e-01
 2.18240e-01 1.62880e-01 1.40080e-01 1.28720e-01 9.64400e-02 9.45200e-02
 6.90400e-02 4.30400e-02 2.68400e-02 3.12800e-02 2.90800e-02 3.14400e-02
 3.66000e-02 3.35200e-02 1.89600e-02 2.52000e-02 1.09600e-02 7.76000e-03
 5.56000e-03 6.48000e-03 4.92000e-03 5.68000e-03 5.40000e-03 1.44000e-03
 2.40000e-04 1.20000e-04 2.80000e-04 2.00000e-04 0.00000e+00 0.00000e+00
 0.00000e+00 0.00000e+00 0.00000e+00 0.00000e+00 0.00000e+00 0.00000e+00
 0.00000e+00 0.00000e+00 0.00000e+00 0.00000e+00 0.00000e+00 0.00000e+00
 0.00000e+00 0.00000e+00 0.00000e+00 0.00000e+00 0.00000e+00 0.00000e+00
 0.00000e+00 0.00000e+00 0.00000e+00 0.00000e+00 0.00000e+00 0.00000e+00
 0.00000e+00 0.00000e+00 0.00000e+00 0.00000e+00 0.00000e+00 0.00000e+00
 0.00000e+00 0.00000e+00 0.00000e+00 0.00000e+00 0.00000e+00 0.00000e+00
 0.00000e+00 0.00000e+00 0.00000e+00 0.00000e+00 0.00000e+00 0.00000e+00
 0.00000e+00 0.00000e+00 0.00000e+00 0.00000e+00 0.00000e+00 0.00000e+00
 0.00000e+00 0.00000e+00 0.00000e+00 0.00000e+00 0.00000e+00 0.00000e+00
 0.00000e+00 0.00000e+00 0.00000e+00 0.00000e+00 0.00000e+00 0.00000e+00]


The heuristic:  ESB
The number of users:  12
The number of items:  6
The percentages of dataset queried:  [39.15555556]
The runtimes per query (seconds):  [84.17453342]
The numbers of queries asked:  [109.52]
The variance of the number of queries asked:  [122.2496]
The expected losses:  [7.71256e+00 6.75664e+00 6.20608e+00 5.72976e+00 5.50064e+00 5.30088e+00
 5.09176e+00 4.82800e+00 4.62820e+00 4.45648e+00 4.42884e+00 4.38732e+00
 4.04600e+00 3.83372e+00 3.63232e+00 3.52236e+00 3.31656e+00 3.13464e+00
 2.97172e+00 2.88148e+00 2.69928e+00 2.67832e+00 2.72628e+00 2.65544e+00
 2.71532e+00 2.62004e+00 2.27112e+00 2.15396e+00 2.05808e+00 1.96256e+00
 1.88976e+00 1.84904e+00 1.83328e+00 1.74296e+00 1.64144e+00 1.62136e+00
 1.54160e+00 1.57196e+00 1.41476e+00 1.46464e+00 1.45788e+00 1.42588e+00
 1.47416e+00 1.51952e+00 1.43952e+00 1.46912e+00 1.36092e+00 1.24928e+00
 1.19164e+00 1.09988e+00 1.10748e+00 1.10296e+00 1.06152e+00 1.08800e+00
 1.01608e+00 9.10560e-01 8.90960e-01 8.04360e-01 8.21560e-01 8.17800e-01
 7.64720e-01 7.48160e-01 7.45160e-01 6.95360e-01 6.80240e-01 6.77640e-01
 6.86840e-01 6.46520e-01 6.71840e-01 6.49080e-01 6.13920e-01 6.01320e-01
 5.51960e-01 5.29000e-01 5.17800e-01 5.04040e-01 4.92840e-01 4.63600e-01
 3.99520e-01 4.12920e-01 3.88680e-01 3.46920e-01 3.21760e-01 3.28840e-01
 3.46640e-01 3.62800e-01 3.62760e-01 3.46400e-01 3.16240e-01 2.96680e-01
 2.81640e-01 2.53240e-01 2.28240e-01 2.54440e-01 2.32440e-01 2.16360e-01
 2.28400e-01 2.26520e-01 2.07080e-01 1.87920e-01 1.59960e-01 1.86320e-01
 1.69800e-01 1.37640e-01 1.15120e-01 1.01360e-01 9.39200e-02 8.00800e-02
 8.26800e-02 5.94800e-02 6.54400e-02 5.38800e-02 6.49600e-02 4.89600e-02
 3.81200e-02 2.96400e-02 2.86000e-02 1.50000e-02 1.09600e-02 6.76000e-03
 4.04000e-03 1.16000e-03 8.00000e-04 3.20000e-04 1.60000e-04 0.00000e+00
 0.00000e+00 0.00000e+00 0.00000e+00 0.00000e+00 0.00000e+00 0.00000e+00
 0.00000e+00 0.00000e+00 0.00000e+00 0.00000e+00 0.00000e+00 0.00000e+00
 0.00000e+00 0.00000e+00 0.00000e+00 0.00000e+00 0.00000e+00 0.00000e+00
 0.00000e+00 0.00000e+00 0.00000e+00 0.00000e+00 0.00000e+00 0.00000e+00
 0.00000e+00 0.00000e+00 0.00000e+00 0.00000e+00 0.00000e+00 0.00000e+00
 0.00000e+00 0.00000e+00 0.00000e+00 0.00000e+00 0.00000e+00 0.00000e+00
 0.00000e+00 0.00000e+00 0.00000e+00 0.00000e+00 0.00000e+00 0.00000e+00
 0.00000e+00 0.00000e+00 0.00000e+00 0.00000e+00 0.00000e+00 0.00000e+00
 0.00000e+00 0.00000e+00 0.00000e+00 0.00000e+00 0.00000e+00 0.00000e+00]


The heuristic:  ESB
The number of users:  15
The number of items:  6
The percentages of dataset queried:  [43.07555556]
The runtimes per query (seconds):  [129.07287036]
The numbers of queries asked:  [128.08]
The variance of the number of queries asked:  [162.8736]
The expected losses:  [8.41156e+00 7.59668e+00 7.32432e+00 6.92368e+00 6.71236e+00 6.45820e+00
 6.33124e+00 6.12088e+00 5.88252e+00 5.72856e+00 5.54384e+00 5.43496e+00
 5.45044e+00 5.16744e+00 4.97096e+00 4.76520e+00 4.49612e+00 4.51644e+00
 4.22800e+00 4.17404e+00 3.99392e+00 3.79028e+00 3.85508e+00 3.63000e+00
 3.77196e+00 3.75228e+00 3.58764e+00 3.49920e+00 3.23940e+00 3.12200e+00
 2.95272e+00 2.80260e+00 2.71392e+00 2.77004e+00 2.73184e+00 2.66384e+00
 2.63068e+00 2.52216e+00 2.51588e+00 2.38072e+00 2.28680e+00 2.18012e+00
 2.20748e+00 2.29860e+00 2.21328e+00 2.16532e+00 2.07768e+00 1.98028e+00
 2.00520e+00 2.02820e+00 1.94076e+00 1.85720e+00 1.81876e+00 1.75720e+00
 1.74172e+00 1.66688e+00 1.61872e+00 1.59816e+00 1.58536e+00 1.55956e+00
 1.57400e+00 1.53896e+00 1.48904e+00 1.46272e+00 1.50776e+00 1.34388e+00
 1.38784e+00 1.25132e+00 1.19904e+00 1.16216e+00 9.52400e-01 9.03960e-01
 9.61680e-01 9.14880e-01 8.41680e-01 8.18200e-01 8.30960e-01 7.58480e-01
 7.64320e-01 7.33880e-01 7.44040e-01 6.92600e-01 6.50520e-01 6.30120e-01
 6.23640e-01 5.65320e-01 5.59280e-01 5.21160e-01 5.17240e-01 4.77680e-01
 4.84240e-01 4.69560e-01 4.44040e-01 3.76920e-01 3.76680e-01 3.43480e-01
 3.17120e-01 3.10520e-01 3.53760e-01 3.32080e-01 3.17720e-01 3.08800e-01
 3.25320e-01 2.97520e-01 2.92080e-01 2.80680e-01 2.64200e-01 2.45280e-01
 2.31560e-01 2.27040e-01 2.34240e-01 2.15760e-01 1.94400e-01 1.85120e-01
 1.91080e-01 2.05600e-01 2.05840e-01 1.92640e-01 1.54040e-01 1.15160e-01
 1.35360e-01 1.24440e-01 8.69600e-02 5.42000e-02 4.48800e-02 3.62400e-02
 3.52400e-02 3.03200e-02 2.49600e-02 3.59200e-02 3.22400e-02 3.72400e-02
 2.98000e-02 2.45600e-02 2.09200e-02 9.96000e-03 8.84000e-03 1.18000e-02
 7.32000e-03 5.08000e-03 4.56000e-03 5.76000e-03 7.56000e-03 8.48000e-03
 7.96000e-03 5.00000e-03 5.88000e-03 4.60000e-03 2.84000e-03 2.60000e-03
 9.20000e-04 1.40000e-03 9.20000e-04 1.04000e-03 7.20000e-04 8.00000e-04
 0.00000e+00 0.00000e+00 0.00000e+00 0.00000e+00 0.00000e+00 0.00000e+00
 0.00000e+00 0.00000e+00 0.00000e+00 0.00000e+00 0.00000e+00 0.00000e+00
 0.00000e+00 0.00000e+00 0.00000e+00 0.00000e+00 0.00000e+00 0.00000e+00
 0.00000e+00 0.00000e+00 0.00000e+00 0.00000e+00 0.00000e+00 0.00000e+00
 0.00000e+00 0.00000e+00 0.00000e+00 0.00000e+00 0.00000e+00 0.00000e+00
 0.00000e+00 0.00000e+00 0.00000e+00 0.00000e+00 0.00000e+00 0.00000e+00
 0.00000e+00 0.00000e+00 0.00000e+00 0.00000e+00 0.00000e+00 0.00000e+00
 0.00000e+00 0.00000e+00 0.00000e+00 0.00000e+00 0.00000e+00 0.00000e+00
 0.00000e+00 0.00000e+00 0.00000e+00 0.00000e+00 0.00000e+00 0.00000e+00
 0.00000e+00 0.00000e+00 0.00000e+00 0.00000e+00 0.00000e+00 0.00000e+00
 0.00000e+00 0.00000e+00 0.00000e+00 0.00000e+00 0.00000e+00 0.00000e+00
 0.00000e+00 0.00000e+00 0.00000e+00]


