The heuristic:  IGB
The number of users:  5
The number of items:  6
The percentages of dataset queried:  [49.81333333]
The runtimes per query (seconds):  [16.21001579]
The numbers of queries asked:  [37.64]
The variance of the number of queries asked:  [24.6304]
The expected losses:  [5.07224e+00 4.10120e+00 3.61852e+00 3.39360e+00 3.03240e+00 2.97536e+00
 2.52856e+00 2.51468e+00 2.04952e+00 1.77284e+00 1.58424e+00 1.60128e+00
 1.34536e+00 1.32952e+00 1.18896e+00 9.63480e-01 9.65240e-01 7.54400e-01
 6.57640e-01 5.25080e-01 5.01480e-01 4.26480e-01 3.96760e-01 3.49640e-01
 2.76280e-01 2.51760e-01 1.97040e-01 1.73440e-01 1.55160e-01 9.98400e-02
 7.80800e-02 6.83200e-02 5.30000e-02 3.89200e-02 2.72400e-02 1.86400e-02
 1.60400e-02 1.14400e-02 4.52000e-03 3.92000e-03 4.20000e-03 2.44000e-03
 1.68000e-03 7.60000e-04 1.60000e-03 1.20000e-04 0.00000e+00 0.00000e+00
 0.00000e+00 0.00000e+00 0.00000e+00 0.00000e+00 0.00000e+00 0.00000e+00
 0.00000e+00 0.00000e+00 0.00000e+00 0.00000e+00 0.00000e+00 0.00000e+00
 0.00000e+00 0.00000e+00 0.00000e+00 0.00000e+00 0.00000e+00 0.00000e+00
 0.00000e+00 0.00000e+00 0.00000e+00 0.00000e+00 0.00000e+00 0.00000e+00
 0.00000e+00 0.00000e+00 0.00000e+00]


The heuristic:  IGB
The number of users:  7
The number of items:  6
The percentages of dataset queried:  [53.82857143]
The runtimes per query (seconds):  [30.3116552]
The numbers of queries asked:  [48.48]
The variance of the number of queries asked:  [53.8496]
The expected losses:  [5.99296e+00 4.97876e+00 4.62520e+00 4.19684e+00 3.92520e+00 3.68852e+00
 3.37464e+00 3.04740e+00 2.88788e+00 2.82408e+00 2.44776e+00 2.37108e+00
 2.22324e+00 2.06024e+00 1.76968e+00 1.79876e+00 1.75552e+00 1.59148e+00
 1.46284e+00 1.28368e+00 1.02116e+00 9.05240e-01 7.91560e-01 7.17480e-01
 5.45840e-01 4.77640e-01 4.64280e-01 3.99080e-01 2.74760e-01 2.22160e-01
 1.90320e-01 1.96280e-01 1.80880e-01 1.61480e-01 1.43680e-01 1.29840e-01
 1.09720e-01 8.41200e-02 7.14800e-02 4.81200e-02 4.06000e-02 3.30000e-02
 2.64800e-02 1.95200e-02 1.56400e-02 1.52800e-02 1.40400e-02 7.12000e-03
 7.96000e-03 6.44000e-03 6.84000e-03 4.24000e-03 4.80000e-03 5.24000e-03
 5.04000e-03 2.52000e-03 9.20000e-04 6.80000e-04 8.00000e-04 0.00000e+00
 0.00000e+00 0.00000e+00 0.00000e+00 0.00000e+00 0.00000e+00 0.00000e+00
 0.00000e+00 0.00000e+00 0.00000e+00 0.00000e+00 0.00000e+00 0.00000e+00
 0.00000e+00 0.00000e+00 0.00000e+00 0.00000e+00 0.00000e+00 0.00000e+00
 0.00000e+00 0.00000e+00 0.00000e+00 0.00000e+00 0.00000e+00 0.00000e+00
 0.00000e+00 0.00000e+00 0.00000e+00 0.00000e+00 0.00000e+00 0.00000e+00
 0.00000e+00 0.00000e+00 0.00000e+00 0.00000e+00 0.00000e+00 0.00000e+00
 0.00000e+00 0.00000e+00 0.00000e+00 0.00000e+00 0.00000e+00 0.00000e+00
 0.00000e+00 0.00000e+00 0.00000e+00]


The heuristic:  IGB
The number of users:  10
The number of items:  6
The percentages of dataset queried:  [56.45333333]
The runtimes per query (seconds):  [59.038739]
The numbers of queries asked:  [65.32]
The variance of the number of queries asked:  [150.4576]
The expected losses:  [7.03708e+00 6.18684e+00 5.91716e+00 5.57120e+00 5.43840e+00 5.20444e+00
 4.96580e+00 4.60028e+00 4.33204e+00 3.97448e+00 3.80604e+00 3.61396e+00
 3.32224e+00 3.08548e+00 2.83488e+00 2.68528e+00 2.47440e+00 2.32612e+00
 2.09700e+00 1.97856e+00 1.74572e+00 1.76188e+00 1.56536e+00 1.54980e+00
 1.47892e+00 1.33392e+00 1.22388e+00 1.17028e+00 1.07744e+00 1.00396e+00
 9.07560e-01 8.37400e-01 7.88200e-01 7.86600e-01 7.08160e-01 6.68560e-01
 6.36120e-01 5.58440e-01 4.70640e-01 4.61440e-01 4.14000e-01 3.59080e-01
 2.66200e-01 2.35440e-01 1.70200e-01 1.67240e-01 1.61280e-01 1.40560e-01
 1.32240e-01 1.06280e-01 9.74800e-02 1.13640e-01 1.22560e-01 9.96800e-02
 7.80400e-02 6.40000e-02 5.12000e-02 5.16800e-02 5.05200e-02 3.87600e-02
 4.31600e-02 3.75200e-02 3.87600e-02 2.77200e-02 2.25600e-02 1.99600e-02
 2.14000e-02 2.30800e-02 1.59200e-02 1.38800e-02 1.46800e-02 8.84000e-03
 5.32000e-03 6.24000e-03 4.60000e-03 3.04000e-03 3.40000e-03 4.20000e-03
 2.16000e-03 6.00000e-04 1.12000e-03 1.60000e-04 1.20000e-04 0.00000e+00
 0.00000e+00 0.00000e+00 0.00000e+00 0.00000e+00 0.00000e+00 0.00000e+00
 0.00000e+00 0.00000e+00 0.00000e+00 0.00000e+00 0.00000e+00 0.00000e+00
 0.00000e+00 0.00000e+00 0.00000e+00 0.00000e+00 0.00000e+00 0.00000e+00
 0.00000e+00 0.00000e+00 0.00000e+00 0.00000e+00 0.00000e+00 0.00000e+00
 0.00000e+00 0.00000e+00 0.00000e+00 0.00000e+00 0.00000e+00 0.00000e+00
 0.00000e+00 0.00000e+00 0.00000e+00 0.00000e+00 0.00000e+00 0.00000e+00
 0.00000e+00 0.00000e+00 0.00000e+00 0.00000e+00 0.00000e+00 0.00000e+00
 0.00000e+00 0.00000e+00 0.00000e+00 0.00000e+00 0.00000e+00 0.00000e+00
 0.00000e+00 0.00000e+00 0.00000e+00 0.00000e+00 0.00000e+00 0.00000e+00
 0.00000e+00 0.00000e+00 0.00000e+00 0.00000e+00 0.00000e+00 0.00000e+00
 0.00000e+00 0.00000e+00 0.00000e+00 0.00000e+00 0.00000e+00 0.00000e+00]


The heuristic:  IGB
The number of users:  12
The number of items:  6
The percentages of dataset queried:  [47.24444444]
The runtimes per query (seconds):  [83.93924043]
The numbers of queries asked:  [94.96]
The variance of the number of queries asked:  [215.1584]
The expected losses:  [7.70100e+00 7.10468e+00 6.53780e+00 6.14028e+00 6.03472e+00 5.79672e+00
 5.43044e+00 5.05660e+00 5.03032e+00 4.82324e+00 4.71496e+00 4.69976e+00
 4.48952e+00 4.41960e+00 4.08228e+00 3.92868e+00 3.92112e+00 3.70396e+00
 3.70140e+00 3.63276e+00 3.47508e+00 3.38620e+00 3.20040e+00 2.94684e+00
 2.86176e+00 2.79752e+00 2.60168e+00 2.56144e+00 2.38472e+00 2.32272e+00
 2.17660e+00 2.15596e+00 2.04508e+00 1.79664e+00 1.75764e+00 1.68156e+00
 1.51472e+00 1.48964e+00 1.36616e+00 1.31904e+00 1.31336e+00 1.33460e+00
 1.22548e+00 1.28344e+00 1.26816e+00 1.13500e+00 1.03316e+00 9.10240e-01
 9.30040e-01 8.83160e-01 7.72000e-01 7.19960e-01 7.13800e-01 6.75640e-01
 6.42040e-01 5.43000e-01 4.70200e-01 4.22000e-01 3.47080e-01 2.90640e-01
 3.00840e-01 2.72400e-01 2.66160e-01 2.85720e-01 2.72240e-01 2.47200e-01
 2.04480e-01 1.96840e-01 1.91840e-01 1.73000e-01 1.45480e-01 1.13440e-01
 9.78800e-02 8.71200e-02 1.08440e-01 7.14000e-02 7.78400e-02 7.67600e-02
 8.55600e-02 1.00480e-01 6.49600e-02 5.38000e-02 4.41600e-02 4.33200e-02
 3.77200e-02 3.74800e-02 3.69200e-02 3.23200e-02 3.14800e-02 3.17600e-02
 2.72400e-02 2.12400e-02 1.82400e-02 2.07600e-02 1.91200e-02 1.97200e-02
 1.78000e-02 1.56800e-02 1.37200e-02 1.74400e-02 1.14400e-02 1.25200e-02
 1.17600e-02 9.36000e-03 4.92000e-03 7.20000e-03 6.56000e-03 5.64000e-03
 3.44000e-03 4.40000e-03 2.60000e-03 1.92000e-03 3.48000e-03 2.84000e-03
 1.44000e-03 6.00000e-04 5.60000e-04 2.00000e-04 2.00000e-04 0.00000e+00
 0.00000e+00 0.00000e+00 0.00000e+00 0.00000e+00 0.00000e+00 0.00000e+00
 0.00000e+00 0.00000e+00 0.00000e+00 0.00000e+00 0.00000e+00 0.00000e+00
 0.00000e+00 0.00000e+00 0.00000e+00 0.00000e+00 0.00000e+00 0.00000e+00
 0.00000e+00 0.00000e+00 0.00000e+00 0.00000e+00 0.00000e+00 0.00000e+00
 0.00000e+00 0.00000e+00 0.00000e+00 0.00000e+00 0.00000e+00 0.00000e+00
 0.00000e+00 0.00000e+00 0.00000e+00 0.00000e+00 0.00000e+00 0.00000e+00
 0.00000e+00 0.00000e+00 0.00000e+00 0.00000e+00 0.00000e+00 0.00000e+00
 0.00000e+00 0.00000e+00 0.00000e+00 0.00000e+00 0.00000e+00 0.00000e+00
 0.00000e+00 0.00000e+00 0.00000e+00 0.00000e+00 0.00000e+00 0.00000e+00
 0.00000e+00 0.00000e+00 0.00000e+00 0.00000e+00 0.00000e+00 0.00000e+00]


The heuristic:  IGB
The number of users:  15
The number of items:  6
The percentages of dataset queried:  [45.04888889]
The runtimes per query (seconds):  [128.90869051]
The numbers of queries asked:  [123.64]
The variance of the number of queries asked:  [232.7904]
The expected losses:  [8.59276e+00 7.88820e+00 7.44952e+00 7.25908e+00 6.89552e+00 6.67300e+00
 6.22448e+00 5.98028e+00 5.99608e+00 5.90764e+00 5.66432e+00 5.44524e+00
 5.40544e+00 5.42132e+00 5.11620e+00 5.01628e+00 4.91308e+00 4.89660e+00
 4.70268e+00 4.51012e+00 4.44868e+00 4.32756e+00 4.18496e+00 4.06804e+00
 3.98436e+00 3.92292e+00 3.78576e+00 3.75012e+00 3.57272e+00 3.48808e+00
 3.46656e+00 3.10912e+00 3.13052e+00 3.11420e+00 2.88200e+00 2.86744e+00
 2.82652e+00 2.69264e+00 2.59508e+00 2.44372e+00 2.53764e+00 2.53136e+00
 2.54080e+00 2.51672e+00 2.38868e+00 2.27848e+00 2.11500e+00 2.12292e+00
 2.03884e+00 1.95580e+00 1.89256e+00 1.93716e+00 1.86128e+00 1.81080e+00
 1.57056e+00 1.52568e+00 1.46344e+00 1.42060e+00 1.31724e+00 1.27532e+00
 1.19540e+00 1.17420e+00 1.12812e+00 1.04000e+00 1.06564e+00 9.90960e-01
 9.10120e-01 8.71520e-01 8.57680e-01 7.40200e-01 6.53240e-01 6.41000e-01
 6.23560e-01 5.61880e-01 5.61480e-01 4.78240e-01 4.57400e-01 4.53440e-01
 4.44320e-01 4.10000e-01 4.02680e-01 3.62960e-01 3.42640e-01 3.08400e-01
 3.24280e-01 3.07760e-01 2.66280e-01 2.41160e-01 2.10440e-01 2.10680e-01
 1.88160e-01 1.82760e-01 1.76280e-01 1.66480e-01 1.36960e-01 1.40240e-01
 1.24960e-01 1.12240e-01 1.04320e-01 1.02480e-01 1.02240e-01 8.24400e-02
 7.11600e-02 6.79200e-02 7.37200e-02 6.21200e-02 6.15200e-02 5.68400e-02
 5.19200e-02 4.44400e-02 3.99600e-02 4.09600e-02 3.20000e-02 2.88800e-02
 3.21200e-02 2.69600e-02 2.59600e-02 2.38400e-02 2.09600e-02 2.01200e-02
 1.56000e-02 1.54800e-02 1.30800e-02 9.96000e-03 1.27200e-02 8.56000e-03
 1.11200e-02 8.92000e-03 8.12000e-03 1.20800e-02 1.06000e-02 6.28000e-03
 4.76000e-03 5.68000e-03 5.72000e-03 8.32000e-03 7.56000e-03 6.28000e-03
 5.08000e-03 5.60000e-03 1.00000e-03 7.60000e-04 8.40000e-04 7.60000e-04
 3.20000e-04 6.40000e-04 0.00000e+00 0.00000e+00 0.00000e+00 0.00000e+00
 0.00000e+00 0.00000e+00 0.00000e+00 0.00000e+00 0.00000e+00 0.00000e+00
 0.00000e+00 0.00000e+00 0.00000e+00 0.00000e+00 0.00000e+00 0.00000e+00
 0.00000e+00 0.00000e+00 0.00000e+00 0.00000e+00 0.00000e+00 0.00000e+00
 0.00000e+00 0.00000e+00 0.00000e+00 0.00000e+00 0.00000e+00 0.00000e+00
 0.00000e+00 0.00000e+00 0.00000e+00 0.00000e+00 0.00000e+00 0.00000e+00
 0.00000e+00 0.00000e+00 0.00000e+00 0.00000e+00 0.00000e+00 0.00000e+00
 0.00000e+00 0.00000e+00 0.00000e+00 0.00000e+00 0.00000e+00 0.00000e+00
 0.00000e+00 0.00000e+00 0.00000e+00 0.00000e+00 0.00000e+00 0.00000e+00
 0.00000e+00 0.00000e+00 0.00000e+00 0.00000e+00 0.00000e+00 0.00000e+00
 0.00000e+00 0.00000e+00 0.00000e+00 0.00000e+00 0.00000e+00 0.00000e+00
 0.00000e+00 0.00000e+00 0.00000e+00 0.00000e+00 0.00000e+00 0.00000e+00
 0.00000e+00 0.00000e+00 0.00000e+00 0.00000e+00 0.00000e+00 0.00000e+00
 0.00000e+00 0.00000e+00 0.00000e+00]


