The heuristic:  EVOI
The number of users:  5
The number of items:  6
The percentages of dataset queried:  [46.77333333]
The runtimes per query (seconds):  [2.92486122]
The numbers of queries asked:  [39.92]
The variance of the number of queries asked:  [22.2336]
The expected losses:  [5.06932e+00 4.03824e+00 3.50884e+00 3.14548e+00 2.65680e+00 2.43908e+00
 2.06448e+00 1.84656e+00 1.76960e+00 1.75296e+00 1.45756e+00 1.31776e+00
 1.22560e+00 1.09528e+00 1.05684e+00 9.29600e-01 9.38560e-01 8.97920e-01
 7.07560e-01 6.62440e-01 6.61280e-01 5.99000e-01 4.47880e-01 3.82760e-01
 3.57320e-01 3.10720e-01 2.45720e-01 2.26840e-01 2.34280e-01 2.65160e-01
 2.42680e-01 1.74840e-01 1.54360e-01 1.44560e-01 1.12880e-01 8.88800e-02
 7.34400e-02 6.73200e-02 5.14400e-02 4.31600e-02 2.44400e-02 1.48800e-02
 1.52000e-02 1.10400e-02 9.60000e-03 7.08000e-03 8.28000e-03 7.28000e-03
 3.96000e-03 1.76000e-03 2.76000e-03 4.24000e-03 4.48000e-03 4.04000e-03
 0.00000e+00 0.00000e+00 0.00000e+00 0.00000e+00 0.00000e+00 0.00000e+00
 0.00000e+00 0.00000e+00 0.00000e+00 0.00000e+00 0.00000e+00 0.00000e+00
 0.00000e+00 0.00000e+00 0.00000e+00 0.00000e+00 0.00000e+00 0.00000e+00
 0.00000e+00 0.00000e+00 0.00000e+00]


The heuristic:  EVOI
The number of users:  7
The number of items:  6
The percentages of dataset queried:  [52.8]
The runtimes per query (seconds):  [4.67078116]
The numbers of queries asked:  [49.56]
The variance of the number of queries asked:  [64.0864]
The expected losses:  [5.96096e+00 4.87612e+00 4.39212e+00 3.97644e+00 3.67272e+00 3.53984e+00
 3.24916e+00 3.17952e+00 2.66660e+00 2.52276e+00 2.35612e+00 2.11636e+00
 2.06864e+00 1.94716e+00 1.77196e+00 1.66996e+00 1.53612e+00 1.57896e+00
 1.53592e+00 1.36952e+00 1.24892e+00 1.19952e+00 1.15424e+00 1.05680e+00
 9.28080e-01 8.76200e-01 7.51880e-01 6.61880e-01 6.33000e-01 5.40720e-01
 4.70680e-01 4.25240e-01 3.56520e-01 3.40000e-01 3.14560e-01 2.68960e-01
 2.59680e-01 2.40520e-01 2.22480e-01 1.91560e-01 1.60560e-01 1.15520e-01
 9.72000e-02 9.29600e-02 7.69200e-02 5.99200e-02 4.82400e-02 4.50000e-02
 3.88000e-02 3.27200e-02 2.43600e-02 2.32000e-02 2.18400e-02 1.43600e-02
 1.32000e-02 7.16000e-03 5.20000e-03 6.76000e-03 3.72000e-03 4.60000e-03
 1.08000e-03 8.00000e-05 3.60000e-04 0.00000e+00 0.00000e+00 0.00000e+00
 0.00000e+00 0.00000e+00 0.00000e+00 0.00000e+00 0.00000e+00 0.00000e+00
 0.00000e+00 0.00000e+00 0.00000e+00 0.00000e+00 0.00000e+00 0.00000e+00
 0.00000e+00 0.00000e+00 0.00000e+00 0.00000e+00 0.00000e+00 0.00000e+00
 0.00000e+00 0.00000e+00 0.00000e+00 0.00000e+00 0.00000e+00 0.00000e+00
 0.00000e+00 0.00000e+00 0.00000e+00 0.00000e+00 0.00000e+00 0.00000e+00
 0.00000e+00 0.00000e+00 0.00000e+00 0.00000e+00 0.00000e+00 0.00000e+00
 0.00000e+00 0.00000e+00 0.00000e+00]


The heuristic:  EVOI
The number of users:  10
The number of items:  6
The percentages of dataset queried:  [53.94666667]
The runtimes per query (seconds):  [6.75214057]
The numbers of queries asked:  [69.08]
The variance of the number of queries asked:  [76.4736]
The expected losses:  [7.02052e+00 6.02300e+00 5.51020e+00 5.34416e+00 4.92228e+00 4.73968e+00
 4.50276e+00 4.37824e+00 3.94712e+00 3.89572e+00 3.71064e+00 3.67408e+00
 3.35228e+00 3.05316e+00 3.07644e+00 2.95100e+00 2.82208e+00 2.68240e+00
 2.58344e+00 2.28716e+00 2.13732e+00 2.12752e+00 1.93072e+00 1.84992e+00
 1.76828e+00 1.57908e+00 1.44672e+00 1.24052e+00 1.20576e+00 1.15320e+00
 1.10888e+00 1.03684e+00 9.66520e-01 8.77280e-01 8.20120e-01 7.61880e-01
 7.49240e-01 8.28080e-01 7.64920e-01 7.03520e-01 7.09440e-01 6.50280e-01
 5.96080e-01 5.43560e-01 4.72840e-01 4.09200e-01 3.77640e-01 3.48640e-01
 2.72720e-01 2.36840e-01 2.22400e-01 2.41600e-01 2.03920e-01 1.81400e-01
 1.81440e-01 1.51640e-01 1.47600e-01 1.47160e-01 1.32240e-01 1.19800e-01
 1.17880e-01 1.32040e-01 1.23520e-01 1.17720e-01 1.16120e-01 7.56800e-02
 6.19600e-02 6.39200e-02 4.35600e-02 3.81600e-02 4.20000e-02 3.88400e-02
 1.67600e-02 1.54000e-02 2.25600e-02 1.66800e-02 9.36000e-03 5.60000e-03
 6.00000e-03 6.28000e-03 5.84000e-03 3.44000e-03 4.00000e-04 4.40000e-04
 5.20000e-04 3.60000e-04 4.00000e-05 2.00000e-04 3.60000e-04 0.00000e+00
 0.00000e+00 0.00000e+00 0.00000e+00 0.00000e+00 0.00000e+00 0.00000e+00
 0.00000e+00 0.00000e+00 0.00000e+00 0.00000e+00 0.00000e+00 0.00000e+00
 0.00000e+00 0.00000e+00 0.00000e+00 0.00000e+00 0.00000e+00 0.00000e+00
 0.00000e+00 0.00000e+00 0.00000e+00 0.00000e+00 0.00000e+00 0.00000e+00
 0.00000e+00 0.00000e+00 0.00000e+00 0.00000e+00 0.00000e+00 0.00000e+00
 0.00000e+00 0.00000e+00 0.00000e+00 0.00000e+00 0.00000e+00 0.00000e+00
 0.00000e+00 0.00000e+00 0.00000e+00 0.00000e+00 0.00000e+00 0.00000e+00
 0.00000e+00 0.00000e+00 0.00000e+00 0.00000e+00 0.00000e+00 0.00000e+00
 0.00000e+00 0.00000e+00 0.00000e+00 0.00000e+00 0.00000e+00 0.00000e+00
 0.00000e+00 0.00000e+00 0.00000e+00 0.00000e+00 0.00000e+00 0.00000e+00]


The heuristic:  EVOI
The number of users:  12
The number of items:  6
The percentages of dataset queried:  [44.88888889]
The runtimes per query (seconds):  [8.2089384]
The numbers of queries asked:  [99.2]
The variance of the number of queries asked:  [202.8]
The expected losses:  [7.71040e+00 6.71604e+00 6.08148e+00 5.79816e+00 5.58172e+00 5.53920e+00
 5.11556e+00 5.03140e+00 4.64052e+00 4.52636e+00 4.34540e+00 4.14240e+00
 4.01712e+00 3.80656e+00 3.74324e+00 3.64044e+00 3.54676e+00 3.27144e+00
 3.10880e+00 3.11856e+00 2.96616e+00 2.85624e+00 2.61732e+00 2.54408e+00
 2.47036e+00 2.49068e+00 2.32180e+00 2.25324e+00 2.00768e+00 2.10892e+00
 2.07388e+00 2.05708e+00 1.94904e+00 1.89536e+00 1.88040e+00 1.81640e+00
 1.70080e+00 1.58544e+00 1.47536e+00 1.44040e+00 1.44088e+00 1.33480e+00
 1.31100e+00 1.29632e+00 1.34560e+00 1.17848e+00 1.12628e+00 1.17160e+00
 1.18908e+00 1.00660e+00 1.06608e+00 8.93720e-01 8.78160e-01 8.41560e-01
 7.13120e-01 6.94960e-01 6.82120e-01 6.41560e-01 6.40960e-01 5.78440e-01
 5.02640e-01 5.07600e-01 5.14920e-01 4.98760e-01 4.93560e-01 4.49240e-01
 4.28800e-01 3.97840e-01 3.62160e-01 2.89240e-01 2.98360e-01 2.78800e-01
 2.82520e-01 2.78240e-01 2.70680e-01 2.57200e-01 2.65480e-01 2.21040e-01
 2.23880e-01 2.20880e-01 2.03360e-01 2.04800e-01 1.82480e-01 1.77680e-01
 1.96720e-01 1.85920e-01 1.66760e-01 1.49000e-01 1.35680e-01 1.43120e-01
 1.34000e-01 1.41600e-01 1.38400e-01 1.21960e-01 1.00600e-01 8.77600e-02
 9.06400e-02 8.69600e-02 8.14400e-02 7.04000e-02 6.83600e-02 8.63200e-02
 7.26800e-02 5.94400e-02 5.78400e-02 5.35200e-02 6.04000e-02 3.42400e-02
 2.66000e-02 2.26000e-02 1.46400e-02 1.16800e-02 1.28800e-02 1.42400e-02
 1.20400e-02 5.68000e-03 3.76000e-03 4.96000e-03 3.88000e-03 3.04000e-03
 4.40000e-04 2.40000e-04 0.00000e+00 0.00000e+00 0.00000e+00 0.00000e+00
 0.00000e+00 0.00000e+00 0.00000e+00 0.00000e+00 0.00000e+00 0.00000e+00
 0.00000e+00 0.00000e+00 0.00000e+00 0.00000e+00 0.00000e+00 0.00000e+00
 0.00000e+00 0.00000e+00 0.00000e+00 0.00000e+00 0.00000e+00 0.00000e+00
 0.00000e+00 0.00000e+00 0.00000e+00 0.00000e+00 0.00000e+00 0.00000e+00
 0.00000e+00 0.00000e+00 0.00000e+00 0.00000e+00 0.00000e+00 0.00000e+00
 0.00000e+00 0.00000e+00 0.00000e+00 0.00000e+00 0.00000e+00 0.00000e+00
 0.00000e+00 0.00000e+00 0.00000e+00 0.00000e+00 0.00000e+00 0.00000e+00
 0.00000e+00 0.00000e+00 0.00000e+00 0.00000e+00 0.00000e+00 0.00000e+00
 0.00000e+00 0.00000e+00 0.00000e+00 0.00000e+00 0.00000e+00 0.00000e+00]


The heuristic:  EVOI
The number of users:  15
The number of items:  6
The percentages of dataset queried:  [46.91555556]
The runtimes per query (seconds):  [10.9774342]
The numbers of queries asked:  [119.44]
The variance of the number of queries asked:  [192.7264]
The expected losses:  [8.50084e+00 7.50248e+00 7.07944e+00 6.74464e+00 6.49856e+00 6.28256e+00
 6.05000e+00 5.75944e+00 5.67580e+00 5.49300e+00 5.18204e+00 5.16904e+00
 4.86416e+00 4.95372e+00 4.64652e+00 4.42308e+00 4.42164e+00 4.21400e+00
 4.36392e+00 3.95160e+00 3.98004e+00 3.71140e+00 3.67824e+00 3.83696e+00
 3.68468e+00 3.49652e+00 3.42756e+00 3.28752e+00 3.27264e+00 3.09308e+00
 2.90416e+00 2.98244e+00 2.87848e+00 2.84076e+00 2.81164e+00 2.71308e+00
 2.58168e+00 2.41572e+00 2.36212e+00 2.39984e+00 2.30012e+00 2.27176e+00
 2.18244e+00 2.03020e+00 2.04940e+00 1.95016e+00 1.94712e+00 1.83200e+00
 1.64028e+00 1.62936e+00 1.58904e+00 1.55988e+00 1.47444e+00 1.42648e+00
 1.46164e+00 1.38812e+00 1.34388e+00 1.33512e+00 1.29500e+00 1.25384e+00
 1.17784e+00 1.14440e+00 1.14472e+00 1.16536e+00 1.12860e+00 1.03896e+00
 1.04528e+00 1.02128e+00 9.91480e-01 1.02564e+00 9.23040e-01 8.90800e-01
 9.00960e-01 8.21920e-01 7.80320e-01 7.65040e-01 7.77440e-01 7.05000e-01
 7.28200e-01 6.95600e-01 6.73120e-01 7.08640e-01 6.70120e-01 6.22080e-01
 5.89400e-01 5.52240e-01 5.21320e-01 5.15840e-01 4.59200e-01 4.76520e-01
 4.41920e-01 4.39000e-01 4.19560e-01 4.06080e-01 3.60160e-01 3.83280e-01
 3.35920e-01 2.88960e-01 2.87400e-01 2.63280e-01 2.42720e-01 2.18400e-01
 1.91520e-01 1.81680e-01 1.51680e-01 1.44920e-01 1.55600e-01 1.29640e-01
 1.34440e-01 1.16920e-01 1.03640e-01 1.04880e-01 1.00480e-01 7.90000e-02
 5.65600e-02 5.43600e-02 4.45600e-02 3.69600e-02 4.17600e-02 3.06000e-02
 2.70400e-02 2.49600e-02 2.78400e-02 2.22000e-02 2.16400e-02 2.35600e-02
 1.95600e-02 1.65200e-02 5.48000e-03 2.84000e-03 2.52000e-03 1.68000e-03
 1.72000e-03 2.28000e-03 9.20000e-04 1.08000e-03 1.16000e-03 1.16000e-03
 1.16000e-03 2.40000e-04 2.80000e-04 1.60000e-04 4.40000e-04 4.00000e-04
 6.00000e-04 7.60000e-04 4.00000e-04 4.80000e-04 6.40000e-04 5.20000e-04
 8.00000e-05 4.00000e-05 1.60000e-04 0.00000e+00 0.00000e+00 0.00000e+00
 0.00000e+00 0.00000e+00 0.00000e+00 0.00000e+00 0.00000e+00 0.00000e+00
 0.00000e+00 0.00000e+00 0.00000e+00 0.00000e+00 0.00000e+00 0.00000e+00
 0.00000e+00 0.00000e+00 0.00000e+00 0.00000e+00 0.00000e+00 0.00000e+00
 0.00000e+00 0.00000e+00 0.00000e+00 0.00000e+00 0.00000e+00 0.00000e+00
 0.00000e+00 0.00000e+00 0.00000e+00 0.00000e+00 0.00000e+00 0.00000e+00
 0.00000e+00 0.00000e+00 0.00000e+00 0.00000e+00 0.00000e+00 0.00000e+00
 0.00000e+00 0.00000e+00 0.00000e+00 0.00000e+00 0.00000e+00 0.00000e+00
 0.00000e+00 0.00000e+00 0.00000e+00 0.00000e+00 0.00000e+00 0.00000e+00
 0.00000e+00 0.00000e+00 0.00000e+00 0.00000e+00 0.00000e+00 0.00000e+00
 0.00000e+00 0.00000e+00 0.00000e+00 0.00000e+00 0.00000e+00 0.00000e+00
 0.00000e+00 0.00000e+00 0.00000e+00 0.00000e+00 0.00000e+00 0.00000e+00
 0.00000e+00 0.00000e+00 0.00000e+00]


