The heuristic:  EVOI+IGB
The number of users:  5
The number of items:  6
The percentages of dataset queried:  [48.74666667]
The runtimes per query (seconds):  [16.27866312]
The numbers of queries asked:  [38.44]
The variance of the number of queries asked:  [20.2464]
The expected losses:  [5.07512e+00 4.02476e+00 3.51356e+00 3.30848e+00 2.86324e+00 2.72300e+00
 2.46152e+00 2.08204e+00 1.79388e+00 1.60284e+00 1.45916e+00 1.40468e+00
 1.24676e+00 1.11492e+00 1.02528e+00 8.36600e-01 7.92040e-01 7.41280e-01
 5.80960e-01 4.87640e-01 4.67360e-01 4.19960e-01 3.93880e-01 3.36880e-01
 2.37120e-01 2.12800e-01 1.96960e-01 1.66600e-01 1.16360e-01 7.90000e-02
 6.84400e-02 5.84000e-02 4.08800e-02 2.65200e-02 1.65600e-02 1.33600e-02
 1.08400e-02 1.40800e-02 6.04000e-03 6.84000e-03 3.36000e-03 2.40000e-03
 1.96000e-03 1.48000e-03 1.60000e-03 2.12000e-03 1.56000e-03 4.80000e-04
 0.00000e+00 0.00000e+00 0.00000e+00 0.00000e+00 0.00000e+00 0.00000e+00
 0.00000e+00 0.00000e+00 0.00000e+00 0.00000e+00 0.00000e+00 0.00000e+00
 0.00000e+00 0.00000e+00 0.00000e+00 0.00000e+00 0.00000e+00 0.00000e+00
 0.00000e+00 0.00000e+00 0.00000e+00 0.00000e+00 0.00000e+00 0.00000e+00
 0.00000e+00 0.00000e+00 0.00000e+00]


The heuristic:  EVOI+IGB
The number of users:  7
The number of items:  6
The percentages of dataset queried:  [55.12380952]
The runtimes per query (seconds):  [32.81606864]
The numbers of queries asked:  [47.12]
The variance of the number of queries asked:  [47.0656]
The expected losses:  [5.98028e+00 4.91936e+00 4.35332e+00 3.97068e+00 3.71972e+00 3.60700e+00
 3.30972e+00 2.91800e+00 2.52612e+00 2.09052e+00 1.88416e+00 1.73824e+00
 1.58572e+00 1.51852e+00 1.28796e+00 1.26812e+00 1.00092e+00 9.26680e-01
 8.77320e-01 8.18960e-01 7.24440e-01 7.14280e-01 6.28800e-01 5.78800e-01
 4.64280e-01 3.85200e-01 3.72480e-01 3.27240e-01 2.87960e-01 2.47400e-01
 2.27120e-01 1.57800e-01 1.53200e-01 1.16720e-01 1.19120e-01 1.15600e-01
 9.36400e-02 9.76800e-02 6.02400e-02 5.88400e-02 4.28400e-02 3.40000e-02
 3.57200e-02 4.10000e-02 1.41200e-02 1.75600e-02 1.51200e-02 1.16800e-02
 1.24400e-02 5.76000e-03 5.56000e-03 4.76000e-03 4.28000e-03 2.92000e-03
 1.56000e-03 1.28000e-03 1.36000e-03 4.00000e-04 1.08000e-03 8.00000e-05
 0.00000e+00 0.00000e+00 0.00000e+00 0.00000e+00 0.00000e+00 0.00000e+00
 0.00000e+00 0.00000e+00 0.00000e+00 0.00000e+00 0.00000e+00 0.00000e+00
 0.00000e+00 0.00000e+00 0.00000e+00 0.00000e+00 0.00000e+00 0.00000e+00
 0.00000e+00 0.00000e+00 0.00000e+00 0.00000e+00 0.00000e+00 0.00000e+00
 0.00000e+00 0.00000e+00 0.00000e+00 0.00000e+00 0.00000e+00 0.00000e+00
 0.00000e+00 0.00000e+00 0.00000e+00 0.00000e+00 0.00000e+00 0.00000e+00
 0.00000e+00 0.00000e+00 0.00000e+00 0.00000e+00 0.00000e+00 0.00000e+00
 0.00000e+00 0.00000e+00 0.00000e+00]


The heuristic:  EVOI+IGB
The number of users:  10
The number of items:  6
The percentages of dataset queried:  [57.09333333]
The runtimes per query (seconds):  [64.78881187]
The numbers of queries asked:  [64.36]
The variance of the number of queries asked:  [109.1904]
The expected losses:  [7.08792e+00 6.04948e+00 5.50000e+00 5.24452e+00 4.93224e+00 4.81760e+00
 4.48508e+00 4.26628e+00 3.98032e+00 3.62724e+00 3.49196e+00 3.10748e+00
 2.80892e+00 2.74432e+00 2.42696e+00 2.34400e+00 2.07292e+00 2.01636e+00
 1.78600e+00 1.77100e+00 1.58604e+00 1.54524e+00 1.40392e+00 1.20872e+00
 1.16352e+00 1.00656e+00 9.29360e-01 7.87520e-01 7.05440e-01 6.84320e-01
 5.69680e-01 4.83360e-01 3.98080e-01 3.92760e-01 3.66680e-01 3.24200e-01
 2.85560e-01 2.31680e-01 2.02040e-01 1.68400e-01 1.52720e-01 1.52520e-01
 1.36280e-01 1.27880e-01 1.10720e-01 1.11400e-01 8.43600e-02 6.96800e-02
 8.38000e-02 6.64400e-02 4.70000e-02 4.64800e-02 3.68800e-02 3.53200e-02
 2.50800e-02 1.92000e-02 1.85200e-02 1.89200e-02 1.40000e-02 1.91600e-02
 1.50400e-02 1.48000e-02 1.63600e-02 1.33200e-02 1.12800e-02 8.64000e-03
 6.76000e-03 4.88000e-03 5.64000e-03 4.72000e-03 5.40000e-03 4.96000e-03
 3.16000e-03 2.68000e-03 1.32000e-03 1.28000e-03 5.20000e-04 1.12000e-03
 8.40000e-04 1.36000e-03 1.16000e-03 1.84000e-03 4.40000e-04 2.40000e-04
 4.40000e-04 4.00000e-04 4.00000e-05 1.60000e-04 0.00000e+00 0.00000e+00
 0.00000e+00 0.00000e+00 0.00000e+00 0.00000e+00 0.00000e+00 0.00000e+00
 0.00000e+00 0.00000e+00 0.00000e+00 0.00000e+00 0.00000e+00 0.00000e+00
 0.00000e+00 0.00000e+00 0.00000e+00 0.00000e+00 0.00000e+00 0.00000e+00
 0.00000e+00 0.00000e+00 0.00000e+00 0.00000e+00 0.00000e+00 0.00000e+00
 0.00000e+00 0.00000e+00 0.00000e+00 0.00000e+00 0.00000e+00 0.00000e+00
 0.00000e+00 0.00000e+00 0.00000e+00 0.00000e+00 0.00000e+00 0.00000e+00
 0.00000e+00 0.00000e+00 0.00000e+00 0.00000e+00 0.00000e+00 0.00000e+00
 0.00000e+00 0.00000e+00 0.00000e+00 0.00000e+00 0.00000e+00 0.00000e+00
 0.00000e+00 0.00000e+00 0.00000e+00 0.00000e+00 0.00000e+00 0.00000e+00
 0.00000e+00 0.00000e+00 0.00000e+00 0.00000e+00 0.00000e+00 0.00000e+00]


The heuristic:  EVOI+IGB
The number of users:  12
The number of items:  6
The percentages of dataset queried:  [49.97777778]
The runtimes per query (seconds):  [87.30603623]
The numbers of queries asked:  [90.04]
The variance of the number of queries asked:  [244.4384]
The expected losses:  [7.63932e+00 6.66816e+00 6.17388e+00 5.77920e+00 5.51852e+00 5.55784e+00
 5.25900e+00 4.80680e+00 4.69048e+00 4.23216e+00 4.14404e+00 4.17012e+00
 4.04336e+00 3.73208e+00 3.68328e+00 3.51540e+00 3.42064e+00 3.23244e+00
 3.16888e+00 3.17372e+00 2.91324e+00 2.84028e+00 2.52752e+00 2.37620e+00
 2.33752e+00 2.32208e+00 2.15348e+00 2.07256e+00 1.89868e+00 1.70708e+00
 1.70948e+00 1.66020e+00 1.58908e+00 1.55732e+00 1.59500e+00 1.37092e+00
 1.35972e+00 1.24472e+00 1.17688e+00 1.10848e+00 1.11240e+00 9.99400e-01
 1.02132e+00 9.43280e-01 8.90120e-01 8.97720e-01 8.54240e-01 7.03480e-01
 6.59600e-01 6.19160e-01 5.76480e-01 5.71720e-01 5.54200e-01 5.08080e-01
 5.11800e-01 4.06600e-01 3.86560e-01 4.08680e-01 3.61240e-01 2.97880e-01
 3.22920e-01 2.87120e-01 2.37760e-01 2.13520e-01 2.03200e-01 1.91040e-01
 2.05640e-01 1.80280e-01 1.97760e-01 1.75800e-01 1.97040e-01 1.65480e-01
 1.65440e-01 1.19560e-01 1.02560e-01 9.48800e-02 7.67600e-02 8.64000e-02
 9.19200e-02 7.00400e-02 6.86400e-02 5.51200e-02 4.72400e-02 3.89600e-02
 4.42400e-02 2.84000e-02 2.34000e-02 2.60000e-02 2.30000e-02 2.30000e-02
 1.62800e-02 1.74000e-02 2.41200e-02 4.11200e-02 2.64000e-02 1.90400e-02
 2.07600e-02 1.47200e-02 1.36800e-02 1.35200e-02 1.49200e-02 1.26000e-02
 1.19200e-02 8.16000e-03 8.40000e-03 8.76000e-03 6.60000e-03 4.92000e-03
 7.20000e-03 4.20000e-03 2.72000e-03 1.52000e-03 3.20000e-04 4.00000e-05
 2.00000e-04 3.20000e-04 1.20000e-04 1.60000e-04 1.20000e-04 4.00000e-04
 2.80000e-04 8.00000e-05 2.00000e-04 8.00000e-05 0.00000e+00 0.00000e+00
 0.00000e+00 0.00000e+00 0.00000e+00 0.00000e+00 0.00000e+00 0.00000e+00
 0.00000e+00 0.00000e+00 0.00000e+00 0.00000e+00 0.00000e+00 0.00000e+00
 0.00000e+00 0.00000e+00 0.00000e+00 0.00000e+00 0.00000e+00 0.00000e+00
 0.00000e+00 0.00000e+00 0.00000e+00 0.00000e+00 0.00000e+00 0.00000e+00
 0.00000e+00 0.00000e+00 0.00000e+00 0.00000e+00 0.00000e+00 0.00000e+00
 0.00000e+00 0.00000e+00 0.00000e+00 0.00000e+00 0.00000e+00 0.00000e+00
 0.00000e+00 0.00000e+00 0.00000e+00 0.00000e+00 0.00000e+00 0.00000e+00
 0.00000e+00 0.00000e+00 0.00000e+00 0.00000e+00 0.00000e+00 0.00000e+00
 0.00000e+00 0.00000e+00 0.00000e+00 0.00000e+00 0.00000e+00 0.00000e+00]


The heuristic:  EVOI+IGB
The number of users:  15
The number of items:  6
The percentages of dataset queried:  [46.48888889]
The runtimes per query (seconds):  [137.66562152]
The numbers of queries asked:  [120.4]
The variance of the number of queries asked:  [338.16]
The expected losses:  [8.51060e+00 7.48428e+00 7.00704e+00 6.80140e+00 6.43196e+00 6.17544e+00
 5.99924e+00 5.83876e+00 5.83028e+00 5.56248e+00 5.29652e+00 5.22036e+00
 4.94252e+00 4.99620e+00 4.79204e+00 4.61712e+00 4.56432e+00 4.47344e+00
 4.15332e+00 4.02664e+00 4.00356e+00 3.97580e+00 3.89412e+00 3.72468e+00
 3.71220e+00 3.60420e+00 3.51752e+00 3.41268e+00 3.24684e+00 2.90524e+00
 2.88164e+00 2.72048e+00 2.67980e+00 2.72816e+00 2.66340e+00 2.47704e+00
 2.28812e+00 2.20772e+00 2.17680e+00 2.07628e+00 2.00060e+00 1.86628e+00
 1.74944e+00 1.70480e+00 1.68628e+00 1.58388e+00 1.51076e+00 1.37184e+00
 1.37868e+00 1.28356e+00 1.28620e+00 1.16568e+00 1.13752e+00 1.14028e+00
 1.02216e+00 1.00576e+00 1.01020e+00 8.96320e-01 8.53840e-01 7.74480e-01
 8.38720e-01 8.84160e-01 8.06160e-01 7.98480e-01 7.58600e-01 6.63960e-01
 6.47960e-01 6.28240e-01 6.17760e-01 5.91280e-01 5.86080e-01 5.57600e-01
 5.66320e-01 5.02640e-01 4.89600e-01 4.70720e-01 4.23320e-01 4.15000e-01
 3.58240e-01 3.28200e-01 2.79440e-01 2.87720e-01 2.38600e-01 2.40040e-01
 2.37720e-01 2.12480e-01 2.14480e-01 2.06040e-01 1.57080e-01 1.55360e-01
 1.64360e-01 1.39400e-01 1.29480e-01 1.25200e-01 1.18880e-01 1.24520e-01
 1.24520e-01 1.21920e-01 1.07280e-01 9.63600e-02 1.00120e-01 1.02720e-01
 9.37200e-02 7.62000e-02 7.83600e-02 8.21200e-02 7.36400e-02 7.30800e-02
 7.33200e-02 6.71600e-02 5.06000e-02 4.58000e-02 4.44800e-02 3.39200e-02
 2.27200e-02 2.23600e-02 2.28800e-02 1.82000e-02 2.20400e-02 2.32800e-02
 1.94800e-02 1.86800e-02 1.98800e-02 1.86400e-02 1.92000e-02 2.15600e-02
 2.14400e-02 1.92800e-02 1.53200e-02 1.24400e-02 1.02800e-02 1.49200e-02
 7.04000e-03 7.80000e-03 9.36000e-03 3.24000e-03 3.04000e-03 2.56000e-03
 2.40000e-03 1.52000e-03 1.28000e-03 1.28000e-03 1.24000e-03 1.24000e-03
 1.64000e-03 1.72000e-03 9.60000e-04 3.20000e-04 5.20000e-04 1.20000e-04
 8.00000e-05 0.00000e+00 0.00000e+00 0.00000e+00 0.00000e+00 0.00000e+00
 0.00000e+00 0.00000e+00 0.00000e+00 0.00000e+00 0.00000e+00 0.00000e+00
 0.00000e+00 0.00000e+00 0.00000e+00 0.00000e+00 0.00000e+00 0.00000e+00
 0.00000e+00 0.00000e+00 0.00000e+00 0.00000e+00 0.00000e+00 0.00000e+00
 0.00000e+00 0.00000e+00 0.00000e+00 0.00000e+00 0.00000e+00 0.00000e+00
 0.00000e+00 0.00000e+00 0.00000e+00 0.00000e+00 0.00000e+00 0.00000e+00
 0.00000e+00 0.00000e+00 0.00000e+00 0.00000e+00 0.00000e+00 0.00000e+00
 0.00000e+00 0.00000e+00 0.00000e+00 0.00000e+00 0.00000e+00 0.00000e+00
 0.00000e+00 0.00000e+00 0.00000e+00 0.00000e+00 0.00000e+00 0.00000e+00
 0.00000e+00 0.00000e+00 0.00000e+00 0.00000e+00 0.00000e+00 0.00000e+00
 0.00000e+00 0.00000e+00 0.00000e+00 0.00000e+00 0.00000e+00 0.00000e+00
 0.00000e+00 0.00000e+00 0.00000e+00 0.00000e+00 0.00000e+00 0.00000e+00
 0.00000e+00 0.00000e+00 0.00000e+00]


